function Dphip = getDphipP3jiapos(Dlambda,lambda)
la1 = lambda(1);
la2 = lambda(2);
la3 = lambda(3);
la4 = lambda(4);
Da1 = Dlambda(:,:,1);
Da2 = Dlambda(:,:,2);
Da3 = Dlambda(:,:,3);
Da4 = Dlambda(:,:,4);

%po =la1^2la2^2;
Dpo = 2.*Da1.*la1.*la2.^2+2.*la1.^2.*Da2.*la2;


                                                                                                         
                                                                                                         
Dphip(:,:,1)= 840.*Dpo - 15.*Da1.*la1.^2 - (815.*Da1.*la2.^2)./2 - (55.*Da2.*la1.^2)./2 - (35.*Da1.*la3.^2)./2 + 105.*Da2.*la2.^2 - (55.*Da3.*la1.^2)./2 - (35.*Da1.*la4.^2)./2 - (75.*Da2.*la3.^2)./2 - (15.*Da3.*la2.^2)./2 - (55.*Da4.*la1.^2)./2 - (75.*Da2.*la4.^2)./2 + 15.*Da3.*la3.^2 - (15.*Da4.*la2.^2)./2 + (45.*Da3.*la4.^2)./2 + (45.*Da4.*la3.^2)./2 + 15.*Da4.*la4.^2 - 55.*Da1.*la1.*la2 - 55.*Da1.*la1.*la3 - 815.*Da2.*la1.*la2 - 55.*Da1.*la1.*la4 + 280.*Da1.*la2.*la3 + 280.*Da2.*la1.*la3 + 280.*Da3.*la1.*la2 + 280.*Da1.*la2.*la4 + 280.*Da2.*la1.*la4 - 15.*Da2.*la2.*la3 - 35.*Da3.*la1.*la3 + 280.*Da4.*la1.*la2 - 500.*Da1.*la3.*la4 - 15.*Da2.*la2.*la4 - 500.*Da3.*la1.*la4 - 75.*Da3.*la2.*la3 - 500.*Da4.*la1.*la3 - 120.*Da2.*la3.*la4 - 120.*Da3.*la2.*la4 - 35.*Da4.*la1.*la4 - 120.*Da4.*la2.*la3 + 45.*Da3.*la3.*la4 - 75.*Da4.*la2.*la4 + 45.*Da4.*la3.*la4 + (7051497922415817.*Da1.*la2.*la3.^2)./2475880078570760549798248448 + (7051497922415817.*Da2.*la1.*la3.^2)./2475880078570760549798248448 + (298134367441169.*Da1.*la2.^2.*la4)./154742504910672534362390528 + (298134367441169.*Da4.*la1.*la2.^2)./154742504910672534362390528 + 1680.*Da3.*la1.^2.*la4 + 1680.*Da4.*la1.^2.*la3 + (1349980376583371.*Da2.*la3.*la4.^2)./4951760157141521099596496896 + (1349980376583371.*Da3.*la2.*la4.^2)./4951760157141521099596496896 + 3360.*Da1.*la1.*la3.*la4 + (298134367441169.*Da2.*la1.*la2.*la4)./77371252455336267181195264 + (7051497922415817.*Da3.*la1.*la2.*la3)./1237940039285380274899124224 + (1349980376583371.*Da4.*la2.*la3.*la4)./2475880078570760549798248448;
Dphip(:,:,2)= (1289.*Da1.*la2.^2)./2 - 183.*Da1.*la1.^2 - 2520.*Dpo + (1249.*Da2.*la1.^2)./2 - (811.*Da1.*la3.^2)./2 - 123.*Da2.*la2.^2 + (649.*Da3.*la1.^2)./2 - (411.*Da1.*la4.^2)./2 - (411.*Da2.*la3.^2)./2 + (249.*Da3.*la2.^2)./2 + (249.*Da4.*la1.^2)./2 - (251.*Da2.*la4.^2)./2 + 147.*Da3.*la3.^2 + (449.*Da4.*la2.^2)./2 - (3096224743817123.*Da3.*la4.^2)./562949953421312 + (29.*Da4.*la3.^2)./2 + 87.*Da4.*la4.^2 + 1249.*Da1.*la1.*la2 + 649.*Da1.*la1.*la3 + 1289.*Da2.*la1.*la2 + 249.*Da1.*la1.*la4 - 1336.*Da1.*la2.*la3 - 1336.*Da2.*la1.*la3 - 1336.*Da3.*la1.*la2 + 664.*Da1.*la2.*la4 + 664.*Da2.*la1.*la4 + 249.*Da2.*la2.*la3 - 811.*Da3.*la1.*la3 + 664.*Da4.*la1.*la2 - 356.*Da1.*la3.*la4 + 449.*Da2.*la2.*la4 - 356.*Da3.*la1.*la4 - 411.*Da3.*la2.*la3 - 356.*Da4.*la1.*la3 + 344.*Da2.*la3.*la4 + 344.*Da3.*la2.*la4 - 411.*Da4.*la1.*la4 + 344.*Da4.*la2.*la3 + 29.*Da3.*la3.*la4 - 251.*Da4.*la2.*la4 - (3096224743817123.*Da4.*la3.*la4)./281474976710656 + 3360.*Da1.*la2.*la3.^2 + 3360.*Da2.*la1.*la3.^2 - 3360.*Da1.*la2.^2.*la4 - 3360.*Da4.*la1.*la2.^2 + 1680.*Da3.*la1.^2.*la4 + 1680.*Da4.*la1.^2.*la3 - 1680.*Da2.*la3.*la4.^2 - 1680.*Da3.*la2.*la4.^2 + 3360.*Da1.*la1.*la3.*la4 - 6720.*Da2.*la1.*la2.*la4 + 6720.*Da3.*la1.*la2.*la3 - 3360.*Da4.*la2.*la3.*la4;
Dphip(:,:,3)= 1680.*Dpo - 27.*Da1.*la1.^2 - (1239.*Da1.*la2.^2)./2 - (519.*Da2.*la1.^2)./2 + (5699868278390919.*Da1.*la3.^2)./140737488355328 + 153.*Da2.*la2.^2 + (81.*Da3.*la1.^2)./2 - (319.*Da1.*la4.^2)./2 + (441.*Da2.*la3.^2)./2 - (279.*Da3.*la2.^2)./2 + (481.*Da4.*la1.^2)./2 + (281.*Da2.*la4.^2)./2 - 27.*Da3.*la3.^2 - (479.*Da4.*la2.^2)./2 - (79.*Da3.*la4.^2)./2 - (119.*Da4.*la3.^2)./2 + 33.*Da4.*la4.^2 - 519.*Da1.*la1.*la2 + 81.*Da1.*la1.*la3 - 1239.*Da2.*la1.*la2 + 481.*Da1.*la1.*la4 + 1236.*Da1.*la2.*la3 + 1236.*Da2.*la1.*la3 + 1236.*Da3.*la1.*la2 - 764.*Da1.*la2.*la4 - 764.*Da2.*la1.*la4 - 279.*Da2.*la2.*la3 + (5699868278390919.*Da3.*la1.*la3)./70368744177664 - 764.*Da4.*la1.*la2 + 1036.*Da1.*la3.*la4 - 479.*Da2.*la2.*la4 + 1036.*Da3.*la1.*la4 + 441.*Da3.*la2.*la3 + 1036.*Da4.*la1.*la3 - 584.*Da2.*la3.*la4 - 584.*Da3.*la2.*la4 - 319.*Da4.*la1.*la4 - 584.*Da4.*la2.*la3 - 119.*Da3.*la3.*la4 + 281.*Da4.*la2.*la4 - 79.*Da4.*la3.*la4 - 3360.*Da1.*la2.*la3.^2 - 3360.*Da2.*la1.*la3.^2 + 3360.*Da1.*la2.^2.*la4 + 3360.*Da4.*la1.*la2.^2 - 3360.*Da3.*la1.^2.*la4 - 3360.*Da4.*la1.^2.*la3 + 1680.*Da2.*la3.*la4.^2 + 1680.*Da3.*la2.*la4.^2 - 6720.*Da1.*la1.*la3.*la4 + 6720.*Da2.*la1.*la2.*la4 - 6720.*Da3.*la1.*la2.*la3 + 3360.*Da4.*la2.*la3.*la4;
Dphip(:,:,4)= 5040.*Dpo + 234.*Da1.*la1.^2 - 1251.*Da1.*la2.^2 - 1251.*Da2.*la1.^2 + 729.*Da1.*la3.^2 + 234.*Da2.*la2.^2 - 351.*Da3.*la1.^2 + 129.*Da1.*la4.^2 + 729.*Da2.*la3.^2 - 351.*Da3.*la2.^2 + 249.*Da4.*la1.^2 + 489.*Da2.*la4.^2 - 306.*Da3.*la3.^2 - 651.*Da4.*la2.^2 - 51.*Da3.*la4.^2 - 111.*Da4.*la3.^2 - 126.*Da4.*la4.^2 - 2502.*Da1.*la1.*la2 - 702.*Da1.*la1.*la3 - 2502.*Da2.*la1.*la2 + 498.*Da1.*la1.*la4 + 3168.*Da1.*la2.*la3 + 3168.*Da2.*la1.*la3 + 3168.*Da3.*la1.*la2 - 2832.*Da1.*la2.*la4 - 2832.*Da2.*la1.*la4 - 702.*Da2.*la2.*la3 + 1458.*Da3.*la1.*la3 - 2832.*Da4.*la1.*la2 + 2568.*Da1.*la3.*la4 - 1302.*Da2.*la2.*la4 + 2568.*Da3.*la1.*la4 + 1458.*Da3.*la2.*la3 + 2568.*Da4.*la1.*la3 + 408.*Da2.*la3.*la4 + 408.*Da3.*la2.*la4 + 258.*Da4.*la1.*la4 + 408.*Da4.*la2.*la3 - 222.*Da3.*la3.*la4 + 978.*Da4.*la2.*la4 - 102.*Da4.*la3.*la4 - 10080.*Da1.*la2.*la3.^2 - 10080.*Da2.*la1.*la3.^2 + 10080.*Da1.*la2.^2.*la4 + 10080.*Da4.*la1.*la2.^2 - 10080.*Da3.*la1.^2.*la4 - 10080.*Da4.*la1.^2.*la3 - (3057799705878073.*Da2.*la3.*la4.^2)./2475880078570760549798248448 - (3057799705878073.*Da3.*la2.*la4.^2)./2475880078570760549798248448 - 20160.*Da1.*la1.*la3.*la4 + 20160.*Da2.*la1.*la2.*la4 - 20160.*Da3.*la1.*la2.*la3 - (3057799705878073.*Da4.*la2.*la3.*la4)./1237940039285380274899124224;
Dphip(:,:,5)= 1956.*Da1.*la2.^2 - 144.*Da1.*la1.^2 - 5040.*Dpo + 816.*Da2.*la1.^2 - 624.*Da1.*la3.^2 - 504.*Da2.*la2.^2 + 516.*Da3.*la1.^2 - (844424930131913.*Da1.*la4.^2)./35184372088832 - 564.*Da2.*la3.^2 + 456.*Da3.*la2.^2 - (738871813865495.*Da4.*la1.^2)./8796093022208 - 324.*Da2.*la4.^2 + 216.*Da3.*la3.^2 + 756.*Da4.*la2.^2 - 84.*Da3.*la4.^2 - (1688849860264007.*Da4.*la3.^2)./70368744177664 + 36.*Da4.*la4.^2 + 1632.*Da1.*la1.*la2 + 1032.*Da1.*la1.*la3 + 3912.*Da2.*la1.*la2 - (738871813865495.*Da1.*la1.*la4)./4398046511104 - 4248.*Da1.*la2.*la3 - 4248.*Da2.*la1.*la3 - 4248.*Da3.*la1.*la2 + 1752.*Da1.*la2.*la4 + 1752.*Da2.*la1.*la4 + 912.*Da2.*la2.*la3 - 1248.*Da3.*la1.*la3 + 1752.*Da4.*la1.*la2 + 432.*Da1.*la3.*la4 + 1512.*Da2.*la2.*la4 + 432.*Da3.*la1.*la4 - 1128.*Da3.*la2.*la3 + 432.*Da4.*la1.*la3 + 192.*Da2.*la3.*la4 + 192.*Da3.*la2.*la4 - (844424930131913.*Da4.*la1.*la4)./17592186044416 + 192.*Da4.*la2.*la3 - (1688849860264007.*Da3.*la3.*la4)./35184372088832 - 648.*Da4.*la2.*la4 - 168.*Da4.*la3.*la4 + 10080.*Da1.*la2.*la3.^2 + 10080.*Da2.*la1.*la3.^2 - 10080.*Da1.*la2.^2.*la4 - 10080.*Da4.*la1.*la2.^2 + (11.*Da3.*la1.^2.*la4)./549755813888 + (11.*Da4.*la1.^2.*la3)./549755813888 + (11.*Da1.*la1.*la3.*la4)./274877906944 - 20160.*Da2.*la1.*la2.*la4 + 20160.*Da3.*la1.*la2.*la3;
