function Dphip = getDphipP3jiapo(Da1,Da2,Da3,Da4,la1,la2,la3,la4)

%po = (la1-la2).*(la2-la3).*(la3-la4).*(la4-la1);
Dpo = (Da1-Da2).*(la2-la3).*(la3-la4).*(la4-la1)...
           +(la1-la2).*(Da2-Da3).*(la3-la4).*(la4-la1)...
           +(la1-la2).*(la2-la3).*(Da3-Da4).*(la4-la1)...
           +(la1-la2).*(la2-la3).*(la3-la4).*(Da4-Da1);
                       


Dphip(:,:,1) = 155.*Da2.*la1.^2 - (195.*Da1.*la1.^2)./4 - (355.*Da1.*la2.^2)./2 - 105.*Dpo - (105.*Da1.*la3.^2)./2 + (225.*Da2.*la2.^2)./4 + (45.*Da3.*la1.^2)./2 - (95.*Da1.*la4.^2)./2 - 115.*Da2.*la3.^2 + (95.*Da3.*la2.^2)./2 - 20.*Da4.*la1.^2 - 50.*Da2.*la4.^2 + (165.*Da3.*la3.^2)./4 + 65.*Da4.*la2.^2 + (115.*Da3.*la4.^2)./2 + 10.*Da4.*la3.^2 + (105.*Da4.*la4.^2)./4 + 310.*Da1.*la1.*la2 + 45.*Da1.*la1.*la3 - 355.*Da2.*la1.*la2 - 40.*Da1.*la1.*la4 - (205.*Da1.*la2.*la3)./2 - (205.*Da2.*la1.*la3)./2 - (205.*Da3.*la1.*la2)./2 + (795.*Da1.*la2.*la4)./2 + (795.*Da2.*la1.*la4)./2 + 95.*Da2.*la2.*la3 - 105.*Da3.*la1.*la3 + (795.*Da4.*la1.*la2)./2 - (1565.*Da1.*la3.*la4)./2 + 130.*Da2.*la2.*la4 - (1565.*Da3.*la1.*la4)./2 - 230.*Da3.*la2.*la3 - (1565.*Da4.*la1.*la3)./2 + (195.*Da2.*la3.*la4)./2 + (195.*Da3.*la2.*la4)./2 - 95.*Da4.*la1.*la4 + (195.*Da4.*la2.*la3)./2 + 20.*Da3.*la3.*la4 - 100.*Da4.*la2.*la4 + 115.*Da4.*la3.*la4 + 840.*Da1.*la2.*la3.^2 + 840.*Da2.*la1.*la3.^2 - 840.*Da1.*la2.^2.*la4 - 840.*Da4.*la1.*la2.^2 + 2520.*Da3.*la1.^2.*la4 + 2520.*Da4.*la1.^2.*la3 - 840.*Da2.*la3.*la4.^2 - 840.*Da3.*la2.*la4.^2 + 5040.*Da1.*la1.*la3.*la4 - 1680.*Da2.*la1.*la2.*la4 + 1680.*Da3.*la1.*la2.*la3 - 1680.*Da4.*la2.*la3.*la4;
Dphip(:,:,2) = 315.*Dpo - (327.*Da1.*la1.^2)./4 - (91.*Da1.*la2.^2)./2 + 77.*Da2.*la1.^2 - (601.*Da1.*la3.^2)./2 + (93.*Da2.*la2.^2)./4 + (349.*Da3.*la1.^2)./2 - (231.*Da1.*la4.^2)./2 + 27.*Da2.*la3.^2 - (81.*Da3.*la2.^2)./2 + 102.*Da4.*la1.^2 - 88.*Da2.*la4.^2 + (273.*Da3.*la3.^2)./4 + (3940649673949375.*Da4.*la2.^2)./562949953421312 - (221.*Da3.*la4.^2)./2 + 52.*Da4.*la3.^2 + (213.*Da4.*la4.^2)./4 + 154.*Da1.*la1.*la2 + 349.*Da1.*la1.*la3 - 91.*Da2.*la1.*la2 + 204.*Da1.*la1.*la4 - (377.*Da1.*la2.*la3)./2 - (377.*Da2.*la1.*la3)./2 - (377.*Da3.*la1.*la2)./2 + (623.*Da1.*la2.*la4)./2 + (623.*Da2.*la1.*la4)./2 - 81.*Da2.*la2.*la3 - 601.*Da3.*la1.*la3 + (623.*Da4.*la1.*la2)./2 + (983.*Da1.*la3.*la4)./2 + (3940649673949375.*Da2.*la2.*la4)./281474976710656 + (983.*Da3.*la1.*la4)./2 + 54.*Da3.*la2.*la3 + (983.*Da4.*la1.*la3)./2 - (617.*Da2.*la3.*la4)./2 - (617.*Da3.*la2.*la4)./2 - 231.*Da4.*la1.*la4 - (617.*Da4.*la2.*la3)./2 + 104.*Da3.*la3.*la4 - 176.*Da4.*la2.*la4 - 221.*Da4.*la3.*la4 + 840.*Da1.*la2.*la3.^2 + 840.*Da2.*la1.*la3.^2 - 840.*Da1.*la2.^2.*la4 - 840.*Da4.*la1.*la2.^2 - 840.*Da3.*la1.^2.*la4 - 840.*Da4.*la1.^2.*la3 + 840.*Da2.*la3.*la4.^2 + 840.*Da3.*la2.*la4.^2 - 1680.*Da1.*la1.*la3.*la4 - 1680.*Da2.*la1.*la2.*la4 + 1680.*Da3.*la1.*la2.*la3 + 1680.*Da4.*la2.*la3.*la4;
Dphip(:,:,3) = (211.*Da2.*la1.^2)./2 - (189.*Da1.*la1.^2)./2 - (319.*Da1.*la2.^2)./2 - 210.*Dpo - (59.*Da1.*la3.^2)./2 + (111.*Da2.*la2.^2)./2 + (281.*Da3.*la1.^2)./2 - (439.*Da1.*la4.^2)./2 + (131.*Da2.*la3.^2)./2 - (59.*Da3.*la2.^2)./2 + (511.*Da4.*la1.^2)./2 + (231.*Da2.*la4.^2)./2 + (51.*Da3.*la3.^2)./2 - (189.*Da4.*la2.^2)./2 + (61.*Da3.*la4.^2)./2 - (169.*Da4.*la3.^2)./2 + (111.*Da4.*la4.^2)./2 + 211.*Da1.*la1.*la2 + 281.*Da1.*la1.*la3 - 319.*Da2.*la1.*la2 + 511.*Da1.*la1.*la4 + 471.*Da1.*la2.*la3 + 471.*Da2.*la1.*la3 + 471.*Da3.*la1.*la2 - 529.*Da1.*la2.*la4 - 529.*Da2.*la1.*la4 - 59.*Da2.*la2.*la3 - 59.*Da3.*la1.*la3 - 529.*Da4.*la1.*la2 + 471.*Da1.*la3.*la4 - 189.*Da2.*la2.*la4 + 471.*Da3.*la1.*la4 + 131.*Da3.*la2.*la3 + 471.*Da4.*la1.*la3 - 149.*Da2.*la3.*la4 - 149.*Da3.*la2.*la4 - 439.*Da4.*la1.*la4 - 149.*Da4.*la2.*la3 - 169.*Da3.*la3.*la4 + 231.*Da4.*la2.*la4 + 61.*Da4.*la3.*la4 - 1680.*Da1.*la2.*la3.^2 - 1680.*Da2.*la1.*la3.^2 + 1680.*Da1.*la2.^2.*la4 + 1680.*Da4.*la1.*la2.^2 - 1680.*Da3.*la1.^2.*la4 - 1680.*Da4.*la1.^2.*la3 - 3360.*Da1.*la1.*la3.*la4 + 3360.*Da2.*la1.*la2.*la4 - 3360.*Da3.*la1.*la2.*la3;
Dphip(:,:,4) = (8866461766385931.*Da1.*la1.^2)./281474976710656 - 630.*Dpo + 129.*Da1.*la2.^2 - 156.*Da2.*la1.^2 + 519.*Da1.*la3.^2 - (117.*Da2.*la2.^2)./2 - (112150186033155.*Da3.*la1.^2)./2199023255552 - 51.*Da1.*la4.^2 + 264.*Da2.*la3.^2 - (5910974510923973.*Da3.*la2.^2)./281474976710656 + 294.*Da4.*la1.^2 + 414.*Da2.*la4.^2 - (297.*Da3.*la3.^2)./2 - 216.*Da4.*la2.^2 + 159.*Da3.*la4.^2 - 186.*Da4.*la3.^2 - (117.*Da4.*la4.^2)./2 - 312.*Da1.*la1.*la2 - (112150186033155.*Da1.*la1.*la3)./1099511627776 + 258.*Da2.*la1.*la2 + 588.*Da1.*la1.*la4 + 873.*Da1.*la2.*la3 + 873.*Da2.*la1.*la3 + 873.*Da3.*la1.*la2 - 2127.*Da1.*la2.*la4 - 2127.*Da2.*la1.*la4 - (5910974510923973.*Da2.*la2.*la3)./140737488355328 + 1038.*Da3.*la1.*la3 - 2127.*Da4.*la1.*la2 + 873.*Da1.*la3.*la4 - 432.*Da2.*la2.*la4 + 873.*Da3.*la1.*la4 + 528.*Da3.*la2.*la3 + 873.*Da4.*la1.*la3 + 1713.*Da2.*la3.*la4 + 1713.*Da3.*la2.*la4 - 102.*Da4.*la1.*la4 + 1713.*Da4.*la2.*la3 - 372.*Da3.*la3.*la4 + 828.*Da4.*la2.*la4 + 318.*Da4.*la3.*la4 - 5040.*Da1.*la2.*la3.^2 - 5040.*Da2.*la1.*la3.^2 + 5040.*Da1.*la2.^2.*la4 + 5040.*Da4.*la1.*la2.^2 - 5040.*Da3.*la1.^2.*la4 - 5040.*Da4.*la1.^2.*la3 - 5040.*Da2.*la3.*la4.^2 - 5040.*Da3.*la2.*la4.^2 - 10080.*Da1.*la1.*la3.*la4 + 10080.*Da2.*la1.*la2.*la4 - 10080.*Da3.*la1.*la2.*la3 - 10080.*Da4.*la2.*la3.*la4;
Dphip(:,:,5) = 630.*Dpo + (117.*Da1.*la1.^2)./2 + 576.*Da1.*la2.^2 - 279.*Da2.*la1.^2 - 414.*Da1.*la3.^2 - (423.*Da2.*la2.^2)./2 + 216.*Da3.*la1.^2 + 156.*Da1.*la4.^2 - 99.*Da2.*la3.^2 + 126.*Da3.*la2.^2 - 129.*Da4.*la1.^2 - 249.*Da2.*la4.^2 + (117.*Da3.*la3.^2)./2 + 321.*Da4.*la2.^2 - 294.*Da3.*la4.^2 + 51.*Da4.*la3.^2 - (63.*Da4.*la4.^2)./2 - 558.*Da1.*la1.*la2 + 432.*Da1.*la1.*la3 + 1152.*Da2.*la1.*la2 - 258.*Da1.*la1.*la4 - 1953.*Da1.*la2.*la3 - 1953.*Da2.*la1.*la3 - 1953.*Da3.*la1.*la2 + 1047.*Da1.*la2.*la4 + 1047.*Da2.*la1.*la4 + 252.*Da2.*la2.*la3 - 828.*Da3.*la1.*la3 + 1047.*Da4.*la1.*la2 + 2127.*Da1.*la3.*la4 + 642.*Da2.*la2.*la4 + 2127.*Da3.*la1.*la4 - 198.*Da3.*la2.*la3 + 2127.*Da4.*la1.*la3 - 1113.*Da2.*la3.*la4 - 1113.*Da3.*la2.*la4 + 312.*Da4.*la1.*la4 - 1113.*Da4.*la2.*la3 + 102.*Da3.*la3.*la4 - 498.*Da4.*la2.*la4 - 588.*Da4.*la3.*la4 + 5040.*Da1.*la2.*la3.^2 + 5040.*Da2.*la1.*la3.^2 - 5040.*Da1.*la2.^2.*la4 - 5040.*Da4.*la1.*la2.^2 - 5040.*Da3.*la1.^2.*la4 - 5040.*Da4.*la1.^2.*la3 + 5040.*Da2.*la3.*la4.^2 + 5040.*Da3.*la2.*la4.^2 - 10080.*Da1.*la1.*la3.*la4 - 10080.*Da2.*la1.*la2.*la4 + 10080.*Da3.*la1.*la2.*la3 + 10080.*Da4.*la2.*la3.*la4;
Dphip(:,:,6) = 216.*Da1.*la1.^2 - 84.*Da1.*la2.^2 - 24.*Da2.*la1.^2 + 516.*Da1.*la3.^2 + 36.*Da2.*la2.^2 - 624.*Da3.*la1.^2 + 516.*Da1.*la4.^2 - 84.*Da2.*la3.^2 - (422212465065973.*Da3.*la2.^2)./17592186044416 - 624.*Da4.*la1.^2 - 84.*Da2.*la4.^2 - 144.*Da3.*la3.^2 - (3377699720527991.*Da4.*la2.^2)./140737488355328 + 216.*Da3.*la4.^2 + 216.*Da4.*la3.^2 - 144.*Da4.*la4.^2 - 48.*Da1.*la1.*la2 - 1248.*Da1.*la1.*la3 - 168.*Da2.*la1.*la2 - 1248.*Da1.*la1.*la4 + 432.*Da1.*la2.*la3 + 432.*Da2.*la1.*la3 + 432.*Da3.*la1.*la2 + 432.*Da1.*la2.*la4 + 432.*Da2.*la1.*la4 - (422212465065973.*Da2.*la2.*la3)./8796093022208 + 1032.*Da3.*la1.*la3 + 432.*Da4.*la1.*la2 - 3648.*Da1.*la3.*la4 - (3377699720527991.*Da2.*la2.*la4)./70368744177664 - 3648.*Da3.*la1.*la4 - 168.*Da3.*la2.*la3 - 3648.*Da4.*la1.*la3 + 192.*Da2.*la3.*la4 + 192.*Da3.*la2.*la4 + 1032.*Da4.*la1.*la4 + 192.*Da4.*la2.*la3 + 432.*Da3.*la3.*la4 - 168.*Da4.*la2.*la4 + 432.*Da4.*la3.*la4 + 10080.*Da3.*la1.^2.*la4 + 10080.*Da4.*la1.^2.*la3 + 20160.*Da1.*la1.*la3.*la4;
