function Dphip = getDphipP3jia8B4(Dlambda,lambda)
la1 = lambda(1);
la2 = lambda(2);
la3 = lambda(3);
la4 = lambda(4);
Da1 = Dlambda(:,:,1);
Da2 = Dlambda(:,:,2);
Da3 = Dlambda(:,:,3);
Da4 = Dlambda(:,:,4);






Dphip(:,:,1) = 330.*Da2.*la1.^2 - 240.*Da1.*la2.^2 - 120.*Da1.*la1.^2 - 180.*Da1.*la3.^2 + 60.*Da2.*la2.^2 + 180.*Da3.*la1.^2 - 180.*Da1.*la4.^2 - 150.*Da2.*la3.^2 + 60.*Da3.*la2.^2 + 180.*Da4.*la1.^2 - 150.*Da2.*la4.^2 + 60.*Da3.*la3.^2 + 60.*Da4.*la2.^2 + 60.*Da4.*la4.^2 + 660.*Da1.*la1.*la2 + 360.*Da1.*la1.*la3 - 480.*Da2.*la1.*la2 + 360.*Da1.*la1.*la4 - 1680.*Da1.*la2.*la3 - 1680.*Da2.*la1.*la3 - 1680.*Da3.*la1.*la2 + 1680.*Da1.*la2.*la4 + 1680.*Da2.*la1.*la4 + 120.*Da2.*la2.*la3 - 360.*Da3.*la1.*la3 + 1680.*Da4.*la1.*la2 + 120.*Da2.*la2.*la4 - 300.*Da3.*la2.*la3 + 60.*Da2.*la3.*la4 + 60.*Da3.*la2.*la4 - 360.*Da4.*la1.*la4 + 60.*Da4.*la2.*la3 - 300.*Da4.*la2.*la4 + 3360.*Da1.*la2.*la3.^2 + 1680.*Da1.*la2.^2.*la3 + 3360.*Da2.*la1.*la3.^2 + 1680.*Da3.*la1.*la2.^2 - 1680.*Da1.*la2.^2.*la4 - 3360.*Da2.*la1.^2.*la4 - 1680.*Da4.*la1.*la2.^2 - 3360.*Da4.*la1.^2.*la2 - 6720.*Da1.*la1.*la2.*la4 + 3360.*Da2.*la1.*la2.*la3 - 3360.*Da2.*la1.*la2.*la4 + 6720.*Da3.*la1.*la2.*la3;
Dphip(:,:,2) = 162.*Da2.*la1.^2 - 198.*Da1.*la2.^2 - 108.*Da1.*la1.^2 - 258.*Da1.*la3.^2 + 72.*Da2.*la2.^2 + 312.*Da3.*la1.^2 - 198.*Da1.*la4.^2 + 42.*Da2.*la3.^2 - 168.*Da3.*la2.^2 + 162.*Da4.*la1.^2 - 18.*Da2.*la4.^2 + 72.*Da3.*la3.^2 - 18.*Da4.*la2.^2 - 168.*Da3.*la4.^2 + 42.*Da4.*la3.^2 + 72.*Da4.*la4.^2 + 324.*Da1.*la1.*la2 + 624.*Da1.*la1.*la3 - 396.*Da2.*la1.*la2 + 324.*Da1.*la1.*la4 - 1536.*Da1.*la2.*la3 - 1536.*Da2.*la1.*la3 - 1536.*Da3.*la1.*la2 + 144.*Da1.*la2.*la4 + 144.*Da2.*la1.*la4 - 336.*Da2.*la2.*la3 - 516.*Da3.*la1.*la3 + 144.*Da4.*la1.*la2 + 144.*Da1.*la3.*la4 - 36.*Da2.*la2.*la4 + 144.*Da3.*la1.*la4 + 84.*Da3.*la2.*la3 + 144.*Da4.*la1.*la3 + 204.*Da2.*la3.*la4 + 204.*Da3.*la2.*la4 - 396.*Da4.*la1.*la4 + 204.*Da4.*la2.*la3 + 84.*Da3.*la3.*la4 - 36.*Da4.*la2.*la4 - 336.*Da4.*la3.*la4 + 1680.*Da1.*la2.*la3.^2 + 3360.*Da1.*la2.^2.*la3 + 1680.*Da2.*la1.*la3.^2 + 3360.*Da3.*la1.*la2.^2 + 1680.*Da1.*la3.*la4.^2 + 1680.*Da3.*la1.*la4.^2 - 1680.*Da3.*la1.^2.*la4 - 1680.*Da4.*la1.^2.*la3 + 6720.*Da2.*la1.*la2.*la3 - 3360.*Da1.*la1.*la3.*la4 + 3360.*Da3.*la1.*la2.*la3 + 3360.*Da4.*la1.*la3.*la4;
Dphip(:,:,3) = 198.*Da2.*la1.^2 - 162.*Da1.*la2.^2 - 132.*Da1.*la1.^2 - 162.*Da1.*la3.^2 + 48.*Da2.*la2.^2 + 198.*Da3.*la1.^2 - 222.*Da1.*la4.^2 + 18.*Da2.*la3.^2 + 18.*Da3.*la2.^2 + 348.*Da4.*la1.^2 + 78.*Da2.*la4.^2 + 48.*Da3.*la3.^2 - 132.*Da4.*la2.^2 + 78.*Da3.*la4.^2 - 132.*Da4.*la3.^2 + 48.*Da4.*la4.^2 + 396.*Da1.*la1.*la2 + 396.*Da1.*la1.*la3 - 324.*Da2.*la1.*la2 + 696.*Da1.*la1.*la4 - 144.*Da1.*la2.*la3 - 144.*Da2.*la1.*la3 - 144.*Da3.*la1.*la2 - 144.*Da1.*la2.*la4 - 144.*Da2.*la1.*la4 + 36.*Da2.*la2.*la3 - 324.*Da3.*la1.*la3 - 144.*Da4.*la1.*la2 + 1536.*Da1.*la3.*la4 - 264.*Da2.*la2.*la4 + 1536.*Da3.*la1.*la4 + 36.*Da3.*la2.*la3 + 1536.*Da4.*la1.*la3 - 84.*Da2.*la3.*la4 - 84.*Da3.*la2.*la4 - 444.*Da4.*la1.*la4 - 84.*Da4.*la2.*la3 - 264.*Da3.*la3.*la4 + 156.*Da4.*la2.*la4 + 156.*Da4.*la3.*la4 + 1680.*Da1.*la2.^2.*la4 - 1680.*Da2.*la1.^2.*la4 + 1680.*Da4.*la1.*la2.^2 - 1680.*Da4.*la1.^2.*la2 - 1680.*Da1.*la3.*la4.^2 - 1680.*Da3.*la1.*la4.^2 - 3360.*Da3.*la1.^2.*la4 - 3360.*Da4.*la1.^2.*la3 - 3360.*Da1.*la1.*la2.*la4 - 6720.*Da1.*la1.*la3.*la4 + 3360.*Da2.*la1.*la2.*la4 - 3360.*Da4.*la1.*la3.*la4;
Dphip(:,:,4) = 144.*Da1.*la1.^2 + 624.*Da1.*la2.^2 - 516.*Da2.*la1.^2 + 624.*Da1.*la3.^2 - 216.*Da2.*la2.^2 - 516.*Da3.*la1.^2 + 24.*Da1.*la4.^2 + 324.*Da2.*la3.^2 + 324.*Da3.*la2.^2 + 84.*Da4.*la1.^2 + 84.*Da2.*la4.^2 - 216.*Da3.*la3.^2 + 24.*Da4.*la2.^2 + 84.*Da3.*la4.^2 + 24.*Da4.*la3.^2 - 36.*Da4.*la4.^2 - 1032.*Da1.*la1.*la2 - 1032.*Da1.*la1.*la3 + 1248.*Da2.*la1.*la2 + 168.*Da1.*la1.*la4 + 5568.*Da1.*la2.*la3 + 5568.*Da2.*la1.*la3 + 5568.*Da3.*la1.*la2 - 432.*Da1.*la2.*la4 - 432.*Da2.*la1.*la4 + 648.*Da2.*la2.*la3 + 1248.*Da3.*la1.*la3 - 432.*Da4.*la1.*la2 - 432.*Da1.*la3.*la4 + 48.*Da2.*la2.*la4 - 432.*Da3.*la1.*la4 + 648.*Da3.*la2.*la3 - 432.*Da4.*la1.*la3 - 672.*Da2.*la3.*la4 - 672.*Da3.*la2.*la4 + 48.*Da4.*la1.*la4 - 672.*Da4.*la2.*la3 + 48.*Da3.*la3.*la4 + 168.*Da4.*la2.*la4 + 168.*Da4.*la3.*la4 - 10080.*Da1.*la2.*la3.^2 - 10080.*Da1.*la2.^2.*la3 - 10080.*Da2.*la1.*la3.^2 - 10080.*Da3.*la1.*la2.^2 - 20160.*Da2.*la1.*la2.*la3 - 20160.*Da3.*la1.*la2.*la3;
Dphip(:,:,5) = 216.*Da1.*la1.^2 + 516.*Da1.*la2.^2 - 624.*Da2.*la1.^2 - 84.*Da1.*la3.^2 - 144.*Da2.*la2.^2 - 24.*Da3.*la1.^2 + 516.*Da1.*la4.^2 - 24.*Da2.*la3.^2 - 84.*Da3.*la2.^2 - 624.*Da4.*la1.^2 + 216.*Da2.*la4.^2 + 36.*Da3.*la3.^2 + 216.*Da4.*la2.^2 - 84.*Da3.*la4.^2 - 24.*Da4.*la3.^2 - 144.*Da4.*la4.^2 - 1248.*Da1.*la1.*la2 - 48.*Da1.*la1.*la3 + 1032.*Da2.*la1.*la2 - 1248.*Da1.*la1.*la4 + 432.*Da1.*la2.*la3 + 432.*Da2.*la1.*la3 + 432.*Da3.*la1.*la2 - 3648.*Da1.*la2.*la4 - 3648.*Da2.*la1.*la4 - 168.*Da2.*la2.*la3 - 168.*Da3.*la1.*la3 - 3648.*Da4.*la1.*la2 + 432.*Da1.*la3.*la4 + 432.*Da2.*la2.*la4 + 432.*Da3.*la1.*la4 - 48.*Da3.*la2.*la3 + 432.*Da4.*la1.*la3 + 192.*Da2.*la3.*la4 + 192.*Da3.*la2.*la4 + 1032.*Da4.*la1.*la4 + 192.*Da4.*la2.*la3 - 48.*Da3.*la3.*la4 + 432.*Da4.*la2.*la4 - 168.*Da4.*la3.*la4 + 10080.*Da2.*la1.^2.*la4 + 10080.*Da4.*la1.^2.*la2 + 20160.*Da1.*la1.*la2.*la4;
Dphip(:,:,6) = 216.*Da1.*la1.^2 - 84.*Da1.*la2.^2 - 24.*Da2.*la1.^2 + 516.*Da1.*la3.^2 + 36.*Da2.*la2.^2 - 624.*Da3.*la1.^2 + 516.*Da1.*la4.^2 - 84.*Da2.*la3.^2 - 24.*Da3.*la2.^2 - 624.*Da4.*la1.^2 - 84.*Da2.*la4.^2 - 144.*Da3.*la3.^2 - 24.*Da4.*la2.^2 + 216.*Da3.*la4.^2 + 216.*Da4.*la3.^2 - 144.*Da4.*la4.^2 - 48.*Da1.*la1.*la2 - 1248.*Da1.*la1.*la3 - 168.*Da2.*la1.*la2 - 1248.*Da1.*la1.*la4 + 432.*Da1.*la2.*la3 + 432.*Da2.*la1.*la3 + 432.*Da3.*la1.*la2 + 432.*Da1.*la2.*la4 + 432.*Da2.*la1.*la4 - 48.*Da2.*la2.*la3 + 1032.*Da3.*la1.*la3 + 432.*Da4.*la1.*la2 - 3648.*Da1.*la3.*la4 - 48.*Da2.*la2.*la4 - 3648.*Da3.*la1.*la4 - 168.*Da3.*la2.*la3 - 3648.*Da4.*la1.*la3 + 192.*Da2.*la3.*la4 + 192.*Da3.*la2.*la4 + 1032.*Da4.*la1.*la4 + 192.*Da4.*la2.*la3 + 432.*Da3.*la3.*la4 - 168.*Da4.*la2.*la4 + 432.*Da4.*la3.*la4 + 10080.*Da3.*la1.^2.*la4 + 10080.*Da4.*la1.^2.*la3 + 20160.*Da1.*la1.*la3.*la4;
Dphip(:,:,7) = 60.*Da1.*la1.^2 + 180.*Da1.*la2.^2 - 180.*Da2.*la1.^2 + 60.*Da1.*la3.^2 - 120.*Da2.*la2.^2 - 150.*Da3.*la1.^2 - 240.*Da2.*la3.^2 + 330.*Da3.*la2.^2 - 180.*Da2.*la4.^2 + 60.*Da3.*la3.^2 + 180.*Da4.*la2.^2 - 150.*Da3.*la4.^2 + 60.*Da4.*la3.^2 + 60.*Da4.*la4.^2 - 360.*Da1.*la1.*la2 - 300.*Da1.*la1.*la3 + 360.*Da2.*la1.*la2 + 1680.*Da1.*la2.*la3 + 1680.*Da2.*la1.*la3 + 1680.*Da3.*la1.*la2 + 660.*Da2.*la2.*la3 + 120.*Da3.*la1.*la3 + 60.*Da1.*la3.*la4 + 360.*Da2.*la2.*la4 + 60.*Da3.*la1.*la4 - 480.*Da3.*la2.*la3 + 60.*Da4.*la1.*la3 - 1680.*Da2.*la3.*la4 - 1680.*Da3.*la2.*la4 - 1680.*Da4.*la2.*la3 + 120.*Da3.*la3.*la4 - 360.*Da4.*la2.*la4 - 300.*Da4.*la3.*la4 - 1680.*Da1.*la2.*la3.^2 - 3360.*Da1.*la2.^2.*la3 - 1680.*Da2.*la1.*la3.^2 - 3360.*Da3.*la1.*la2.^2 + 3360.*Da2.*la3.*la4.^2 + 1680.*Da2.*la3.^2.*la4 + 3360.*Da3.*la2.*la4.^2 + 1680.*Da4.*la2.*la3.^2 - 6720.*Da2.*la1.*la2.*la3 - 3360.*Da3.*la1.*la2.*la3 + 3360.*Da3.*la2.*la3.*la4 + 6720.*Da4.*la2.*la3.*la4;
