function phip = getphiP3jiapos(lambda)
%%ÎªP3+{la1^2la3la4,la2^2la4la1,la3^2la1la2,la4^2la2la3,po},po=la1^2la2^2;
%%Ë³ÐòÎªla1^2,la2^2,la3^2,la1la2,la1la3,la2la3;
     la1 = lambda(:,1);
     la2 = lambda(:,2);
     la3 = lambda(:,3);
     la4 = lambda(:,4);

po = la1.^2.*la2.^2;

phip(:,1) = - 5.*la1.^3 - (55.*la1.^2.*la2)./2 + 1680.*la1.^2.*la3.*la4 - (55.*la1.^2.*la3)./2 - (55.*la1.^2.*la4)./2 + (298134367441169.*la1.*la2.^2.*la4)./154742504910672534362390528 - (815.*la1.*la2.^2)./2 + (7051497922415817.*la1.*la2.*la3.^2)./2475880078570760549798248448 + 280.*la1.*la2.*la3 + 280.*la1.*la2.*la4 - (35.*la1.*la3.^2)./2 - 500.*la1.*la3.*la4 - (35.*la1.*la4.^2)./2 + 35.*la2.^3 - (15.*la2.^2.*la3)./2 - (15.*la2.^2.*la4)./2 - (75.*la2.*la3.^2)./2 + (1349980376583371.*la2.*la3.*la4.^2)./4951760157141521099596496896 - 120.*la2.*la3.*la4 - (75.*la2.*la4.^2)./2 + 5.*la3.^3 + (45.*la3.^2.*la4)./2 + (45.*la3.*la4.^2)./2 + 5.*la4.^3 + 840.*po;
phip(:,2) = - 61.*la1.^3 + (1249.*la1.^2.*la2)./2 + 1680.*la1.^2.*la3.*la4 + (649.*la1.^2.*la3)./2 + (249.*la1.^2.*la4)./2 - 3360.*la1.*la2.^2.*la4 + (1289.*la1.*la2.^2)./2 + 3360.*la1.*la2.*la3.^2 - 1336.*la1.*la2.*la3 + 664.*la1.*la2.*la4 - (811.*la1.*la3.^2)./2 - 356.*la1.*la3.*la4 - (411.*la1.*la4.^2)./2 - 41.*la2.^3 + (249.*la2.^2.*la3)./2 + (449.*la2.^2.*la4)./2 - (411.*la2.*la3.^2)./2 - 1680.*la2.*la3.*la4.^2 + 344.*la2.*la3.*la4 - (251.*la2.*la4.^2)./2 + 49.*la3.^3 + (29.*la3.^2.*la4)./2 - (3096224743817123.*la3.*la4.^2)./562949953421312 + 29.*la4.^3 - 2520.*po;
phip(:,3) = - 9.*la1.^3 - (519.*la1.^2.*la2)./2 - 3360.*la1.^2.*la3.*la4 + (81.*la1.^2.*la3)./2 + (481.*la1.^2.*la4)./2 + 3360.*la1.*la2.^2.*la4 - (1239.*la1.*la2.^2)./2 - 3360.*la1.*la2.*la3.^2 + 1236.*la1.*la2.*la3 - 764.*la1.*la2.*la4 + (5699868278390919.*la1.*la3.^2)./140737488355328 + 1036.*la1.*la3.*la4 - (319.*la1.*la4.^2)./2 + 51.*la2.^3 - (279.*la2.^2.*la3)./2 - (479.*la2.^2.*la4)./2 + (441.*la2.*la3.^2)./2 + 1680.*la2.*la3.*la4.^2 - 584.*la2.*la3.*la4 + (281.*la2.*la4.^2)./2 - 9.*la3.^3 - (119.*la3.^2.*la4)./2 - (79.*la3.*la4.^2)./2 + 11.*la4.^3 + 1680.*po;
phip(:,4) =  78.*la1.^3 - 1251.*la1.^2.*la2 - 10080.*la1.^2.*la3.*la4 - 351.*la1.^2.*la3 + 249.*la1.^2.*la4 + 10080.*la1.*la2.^2.*la4 - 1251.*la1.*la2.^2 - 10080.*la1.*la2.*la3.^2 + 3168.*la1.*la2.*la3 - 2832.*la1.*la2.*la4 + 729.*la1.*la3.^2 + 2568.*la1.*la3.*la4 + 129.*la1.*la4.^2 + 78.*la2.^3 - 351.*la2.^2.*la3 - 651.*la2.^2.*la4 + 729.*la2.*la3.^2 - (3057799705878073.*la2.*la3.*la4.^2)./2475880078570760549798248448 + 408.*la2.*la3.*la4 + 489.*la2.*la4.^2 - 102.*la3.^3 - 111.*la3.^2.*la4 - 51.*la3.*la4.^2 - 42.*la4.^3 + 5040.*po;
phip(:,5) = - 48.*la1.^3 + 816.*la1.^2.*la2 + (11.*la1.^2.*la3.*la4)./549755813888 + 516.*la1.^2.*la3 - (738871813865495.*la1.^2.*la4)./8796093022208 - 10080.*la1.*la2.^2.*la4 + 1956.*la1.*la2.^2 + 10080.*la1.*la2.*la3.^2 - 4248.*la1.*la2.*la3 + 1752.*la1.*la2.*la4 - 624.*la1.*la3.^2 + 432.*la1.*la3.*la4 - (844424930131913.*la1.*la4.^2)./35184372088832 - 168.*la2.^3 + 456.*la2.^2.*la3 + 756.*la2.^2.*la4 - 564.*la2.*la3.^2 + 192.*la2.*la3.*la4 - 324.*la2.*la4.^2 + 72.*la3.^3 - (1688849860264007.*la3.^2.*la4)./70368744177664 - 84.*la3.*la4.^2 + 12.*la4.^3 - 5040.*po;
phip(:,6) = 72.*la1.^3 - (6755399441055273.*la1.^2.*la2)./281474976710656 + 10080.*la1.^2.*la3.*la4 - 624.*la1.^2.*la3 - 624.*la1.^2.*la4 + (1737479223490819.*la1.*la2.^2.*la4)./154742504910672534362390528 - 84.*la1.*la2.^2 + (3426241525956111.*la1.*la2.*la3.^2)./309485009821345068724781056 + 432.*la1.*la2.*la3 + 432.*la1.*la2.*la4 + 516.*la1.*la3.^2 - 3648.*la1.*la3.*la4 + 516.*la1.*la4.^2 + 12.*la2.^3 - (6755399441055489.*la2.^2.*la3)./281474976710656 - 24.*la2.^2.*la4 - 84.*la2.*la3.^2 - (3183782882650905.*la2.*la3.*la4.^2)./309485009821345068724781056 + 192.*la2.*la3.*la4 - 84.*la2.*la4.^2 - 48.*la3.^3 + 216.*la3.^2.*la4 + 216.*la3.*la4.^2 - 48.*la4.^3 - (525124304018725.*po)./77371252455336267181195264;
phip(:,7) = 20.*la1.^3 - 230.*la1.^2.*la2 - 1680.*la1.^2.*la3.*la4 - 100.*la1.^2.*la3 + 50.*la1.^2.*la4 + 3360.*la1.*la2.^2.*la4 - 250.*la1.*la2.^2 - 1680.*la1.*la2.*la3.^2 + 780.*la1.*la2.*la3 - 900.*la1.*la2.*la4 + 100.*la1.*la3.^2 + 380.*la1.*la3.*la4 + 40.*la1.*la4.^2 + (2507986022957057.*la2.^3)./19807040628566084398385987584 + 100.*la2.^2.*la3 - 50.*la2.^2.*la4 - 100.*la2.*la3.^2 + 1680.*la2.*la3.*la4.^2 - 320.*la2.*la3.*la4 - 40.*la2.*la4.^2 + 10.*la3.^3 + 60.*la3.^2.*la4 - 150.*la3.*la4.^2 + 10.*la4.^3 + 840.*po;
phip(:,8) = - 16.*la1.^3 + 432.*la1.^2.*la2 + 3360.*la1.^2.*la3.*la4 + 62.*la1.^2.*la3 - 88.*la1.^2.*la4 - 3360.*la1.*la2.^2.*la4 + 792.*la1.*la2.^2 + 1680.*la1.*la2.*la3.^2 - 836.*la1.*la2.*la3 + 844.*la1.*la2.*la4 - 98.*la1.*la3.^2 - 1156.*la1.*la3.*la4 - 38.*la1.*la4.^2 - 76.*la2.^3 + 242.*la2.^2.*la3 + 392.*la2.^2.*la4 - 278.*la2.*la3.^2 - 1680.*la2.*la3.*la4.^2 + 464.*la2.*la3.*la4 - 338.*la2.*la4.^2 + 34.*la3.^3 - 78.*la3.^2.*la4 + 132.*la3.*la4.^2 + 34.*la4.^3 - 2520.*po;
phip(:,9) = 41.*la1.^3 - (1169.*la1.^2.*la2)./2 - 1680.*la1.^2.*la3.*la4 + (31.*la1.^2.*la3)./2 + (31.*la1.^2.*la4)./2 - (1081730832867313.*la1.*la2.^2.*la4)./618970019642690137449562112 - (409.*la1.*la2.^2)./2 - (303135355777843.*la1.*la2.*la3.^2)./1237940039285380274899124224 + 236.*la1.*la2.*la3 + 236.*la1.*la2.*la4 - (49.*la1.*la3.^2)./2 + 416.*la1.*la3.*la4 - (49.*la1.*la4.^2)./2 + la2.^3 - (633318697599005.*la2.^2.*la3)./140737488355328 - (9.*la2.^2.*la4)./2 - (5066549580791511.*la2.*la3.^2)./1125899906842624 + (1141073167305933.*la2.*la3.*la4.^2)./2475880078570760549798248448 + 36.*la2.*la3.*la4 - (9.*la2.*la4.^2)./2 + (9007199254740645.*la3.^3)./9007199254740992 - (5066549580791645.*la3.^2.*la4)./1125899906842624 - (9.*la3.*la4.^2)./2 + la4.^3 + 1680.*po;
phip(:,10) =  48.*la1.^3 - 1146.*la1.^2.*la2 - 10080.*la1.^2.*la3.*la4 + 114.*la1.^2.*la3 + 114.*la1.^2.*la4 - (7810554794082273.*la1.*la2.^2.*la4)./618970019642690137449562112 - 1086.*la1.*la2.^2 - (2449711906684921.*la1.*la2.*la3.^2)./154742504910672534362390528 + (5910974510923987.*la1.*la2.*la3)./35184372088832 + (2955487255461957.*la1.*la2.*la4)./17592186044416 - (6755399441054279.*la1.*la3.^2)./1125899906842624 + 3408.*la1.*la3.*la4 - (6755399441056423.*la1.*la4.^2)./1125899906842624 + 108.*la2.^3 - 486.*la2.^2.*la3 - 486.*la2.^2.*la4 + 594.*la2.*la3.^2 - (96757023244285.*la2.*la3.*la4.^2)./309485009821345068724781056 - 432.*la2.*la3.*la4 + 594.*la2.*la4.^2 - 72.*la3.^3 + 54.*la3.^2.*la4 + 54.*la3.*la4.^2 - 72.*la4.^3 + 5040.*po;
phip(:,11) = - 78.*la1.^3 + 1251.*la1.^2.*la2 + 10080.*la1.^2.*la3.*la4 + (3588805953061003.*la1.^2.*la3)./70368744177664 - 249.*la1.^2.*la4 - 10080.*la1.*la2.^2.*la4 + 1251.*la1.*la2.^2 + (5543737627246575.*la1.*la2.*la3.^2)./309485009821345068724781056 - 1248.*la1.*la2.*la3 + 2832.*la1.*la2.*la4 + 111.*la1.*la3.^2 - 2808.*la1.*la3.*la4 - 129.*la1.*la4.^2 - 78.*la2.^3 + (1794402976530521.*la2.^2.*la3)./35184372088832 + 651.*la2.^2.*la4 + (7810930603720523.*la2.*la3.^2)./70368744177664 - (682246965035009.*la2.*la3.*la4.^2)./77371252455336267181195264 - 648.*la2.*la3.*la4 - 489.*la2.*la4.^2 - 18.*la3.^3 + (7177611906121555.*la3.^2.*la4)./140737488355328 + 111.*la3.*la4.^2 + 42.*la4.^3 - 5040.*po;
phip(:,12) = - 48.*la1.^3 + 516.*la1.^2.*la2 - (958904309967953.*la1.^2.*la3.*la4)./38685626227668133590597632 - 84.*la1.^2.*la3 + 216.*la1.^2.*la4 + 10080.*la1.*la2.^2.*la4 - 624.*la1.*la2.^2 - (8406929090734133.*la1.*la2.*la3.^2)./618970019642690137449562112 + 432.*la1.*la2.*la3 - 3648.*la1.*la2.*la4 - (3377699720527779.*la1.*la3.^2)./140737488355328 + (422212465065999.*la1.*la3.*la4)./2199023255552 + 216.*la1.*la4.^2 + 72.*la2.^3 - (6755399441056189.*la2.^2.*la3)./281474976710656 - 624.*la2.^2.*la4 - 84.*la2.*la3.^2 + (639304230099103.*la2.*la3.*la4.^2)./77371252455336267181195264 + 432.*la2.*la3.*la4 + 516.*la2.*la4.^2 + 12.*la3.^3 - (6755399441055587.*la3.^2.*la4)./281474976710656 - 84.*la3.*la4.^2 - 48.*la4.^3 + (7109493993038201.*po)./309485009821345068724781056;
